% -------------------------------------------------------------------
%  Generated by MATLAB on 20-Nov-2023 17:55:12
%  MATLAB version: 23.2.0.2409890 (R2023b) Update 3
% -------------------------------------------------------------------
                                                        

smiData = struct;
smiData.RigidTransform = struct;
smiData.RigidTransform(1).translation = ...
  [-318.7250000000007 7.1310028851723875 50.490278275076037];
smiData.RigidTransform(1).angle = 0.0013699485429869078;
smiData.RigidTransform(1).axis = [-1 -2.512277454279597E-12 1.7208456881689918E-15 ...
                                  ];
smiData.RigidTransform(1).ID = ['B[Ejes y chapas-1:-:Poleas centrales-2' ...
                                ']'];
smiData.RigidTransform(1).ID = convertCharsToStrings( ...
  smiData.RigidTransform(1).ID);
smiData.RigidTransform(2).translation = ...
  [-318.7250000000007 7.1274410200746932 47.890280714862364];
smiData.RigidTransform(2).angle = 0.0013699485429869078;
smiData.RigidTransform(2).axis = [-1 -2.512277454279597E-12 1.7208456881689918E-15 ...
                                  ];
smiData.RigidTransform(2).ID = ['F[Ejes y chapas-1:-:Poleas centrales-2' ...
                                ']'];
smiData.RigidTransform(2).ID = convertCharsToStrings( ...
  smiData.RigidTransform(2).ID);
smiData.RigidTransform(3).translation = ...
  [-166.4999999999994 -29.811262865802995 137.78996918261421];
smiData.RigidTransform(3).angle = 0.0013699485429871691;
smiData.RigidTransform(3).axis = [-1 -2.8427915463172339E-12 1.9472393729883638E-15 ...
                                  ];
smiData.RigidTransform(3).ID = 'B[Ejes y chapas-1:-:Polea activa-1]';
smiData.RigidTransform(3).ID = convertCharsToStrings( ...
  smiData.RigidTransform(3).ID);
smiData.RigidTransform(4).translation = ...
  [-166.49999999999906 -29.811262865804537 137.78996918261518];
smiData.RigidTransform(4).angle = 0.0013699485429874713;
smiData.RigidTransform(4).axis = [-1 -2.7689343275215515E-12 1.8966490704375172E-15 ...
                                  ];
smiData.RigidTransform(4).ID = 'F[Ejes y chapas-1:-:Polea activa-1]';
smiData.RigidTransform(4).ID = convertCharsToStrings( ...
  smiData.RigidTransform(4).ID);
smiData.RigidTransform(5).translation = ...
  [-166.49999999999872 -30.041481276494316 -30.258873123671716];
smiData.RigidTransform(5).angle = 0.001369948542987609;
smiData.RigidTransform(5).axis = [-1 -2.9174834952909422E-12 1.9984014443252814E-15 ...
                                  ];
smiData.RigidTransform(5).ID = 'B[Reductora-1:-:Ejes y chapas-1]';
smiData.RigidTransform(5).ID = convertCharsToStrings( ...
  smiData.RigidTransform(5).ID);
smiData.RigidTransform(6).translation = ...
  [-166.49999999999872 -30.037919411396622 -27.658875563458039];
smiData.RigidTransform(6).angle = 0.001369948542987609;
smiData.RigidTransform(6).axis = [-1 -2.9174834952909422E-12 1.9984014443252814E-15 ...
                                  ];
smiData.RigidTransform(6).ID = 'F[Reductora-1:-:Ejes y chapas-1]';
smiData.RigidTransform(6).ID = convertCharsToStrings( ...
  smiData.RigidTransform(6).ID);
smiData.RigidTransform(7).translation = ...
  [-466.79999999999944 -29.7893423260367 153.79095416760629];
smiData.RigidTransform(7).angle = 3.1402227050468063;
smiData.RigidTransform(7).axis = [1 1.2928063549198549E-18 1.8873791418627657E-15 ...
                                  ];
smiData.RigidTransform(7).ID = ['B[Ejes y chapas-1:-:Polea pasiva Oruga' ...
                                ' v9-1]'];
smiData.RigidTransform(7).ID = convertCharsToStrings( ...
  smiData.RigidTransform(7).ID);
smiData.RigidTransform(8).translation = ...
  [-9.9475983006414026E-14 -58.999999999999915 -3.5527136788005009E-14];
smiData.RigidTransform(8).angle = 2.0943951023932184;
smiData.RigidTransform(8).axis = [-0.57735026918961063 0.5773502691896335 ...
                                  0.57735026918963328];
smiData.RigidTransform(8).ID = ['F[Ejes y chapas-1:-:Polea pasiva Oruga' ...
                                ' v9-1]'];
smiData.RigidTransform(8).ID = convertCharsToStrings( ...
  smiData.RigidTransform(8).ID);
smiData.RigidTransform(9).translation = ...
  [-466.799999999999 -29.953393612745295 34.041066538533151];
smiData.RigidTransform(9).angle = 0.0013699485429873237;
smiData.RigidTransform(9).axis = [-1 -2.7694500486509849E-12 2.8650272988342238E-11 ...
                                  ];
smiData.RigidTransform(9).ID = ['AssemblyGround[Ejes y chapas-1:Parte m' ...
                                'ovil tensado v5-1]'];
smiData.RigidTransform(9).ID = convertCharsToStrings( ...
  smiData.RigidTransform(9).ID);
smiData.RigidTransform(10).translation = ...
  [-166.49999999999898 -29.916062526613953 61.291040967697157];
smiData.RigidTransform(10).angle = 0.31416222769248076;
smiData.RigidTransform(10).axis = [-0.0043247165624358654 -0.00068496781231589454 ...
                                   -0.99999041377692754];
smiData.RigidTransform(10).ID = ['AssemblyGround[Ejes y chapas-1:Rodami' ...
                                 'ento61818-2RS1-1]'];
smiData.RigidTransform(10).ID = convertCharsToStrings( ...
  smiData.RigidTransform(10).ID);
smiData.RigidTransform(11).translation = ...
  [-466.79999999999842 -29.811261495866834 137.79096918167605];
smiData.RigidTransform(11).angle = 0.0013699485429873061;
smiData.RigidTransform(11).axis = [-1 -2.7717055911485281E-12 2.9318866520591805E-11 ...
                                   ];
smiData.RigidTransform(11).ID = ['AssemblyGround[Ejes y chapas-1:Parte ' ...
                                 'movil tensado v5-2]'];
smiData.RigidTransform(11).ID = convertCharsToStrings( ...
  smiData.RigidTransform(11).ID);
smiData.RigidTransform(12).translation = ...
  [-318.72499999999775 -66.93418778449373 93.216783837053157];
smiData.RigidTransform(12).angle = 1.5707967959845721;
smiData.RigidTransform(12).axis = [-0.000684974057258097 0.99999953081043091 ...
                                   -0.00068497405721845879];
smiData.RigidTransform(12).ID = ['AssemblyGround[Ejes y chapas-1:Eje Ce' ...
                                 'ntral v1-2]'];
smiData.RigidTransform(12).ID = convertCharsToStrings( ...
  smiData.RigidTransform(12).ID);
smiData.RigidTransform(13).translation = ...
  [-318.72499999999781 -66.931961618807691 94.841782312187618];
smiData.RigidTransform(13).angle = 3.1415926535897536;
smiData.RigidTransform(13).axis = [1.8503434843829433E-15 -0.00068497421792979767 ...
                                   -0.99999976540513291];
smiData.RigidTransform(13).ID = ['AssemblyGround[Ejes y chapas-1:Separa' ...
                                 'dor Central v1-2]'];
smiData.RigidTransform(13).ID = convertCharsToStrings( ...
  smiData.RigidTransform(13).ID);
smiData.RigidTransform(14).translation = ...
  [-166.49999999999895 -29.930789468844573 50.541051055275261];
smiData.RigidTransform(14).angle = 1.595059226726355;
smiData.RigidTransform(14).axis = [0.1539022011505625 0.97581500031086643 ...
                                   -0.15523916274354144];
smiData.RigidTransform(14).ID = ['AssemblyGround[Ejes y chapas-1:Soport' ...
                                 'e Rodamiento v3-1]'];
smiData.RigidTransform(14).ID = convertCharsToStrings( ...
  smiData.RigidTransform(14).ID);
smiData.RigidTransform(15).translation = ...
  [-166.4999999999994 -29.811261495855121 137.79096918167718];
smiData.RigidTransform(15).angle = 3.1415926535897896;
smiData.RigidTransform(15).axis = [-1.959695676894529E-14 0.99999976540513291 ...
                                   -0.0006849742179297801];
smiData.RigidTransform(15).ID = ['AssemblyGround[Ejes y chapas-1:Panel ' ...
                                 'exterior v3-1]'];
smiData.RigidTransform(15).ID = convertCharsToStrings( ...
  smiData.RigidTransform(15).ID);
smiData.RigidTransform(16).translation = ...
  [-166.49999999999915 -29.862771544960811 100.19100446474005];
smiData.RigidTransform(16).angle = 3.1413783464386831;
